5789
8847854
5789
8847854
5789
8847854
5789
8847854
5789
8847854
5789
8847854
5789
8847854
5789
8847854
5789
8847854
5789
8847854
5789
8847854
5789
8847854
5789
8847854
5789
8847854
5789
8847854
5789
8847854
5789
8847854
5789
8847854
5789
8847854
5789
8847854
5789
8847854
5789
8847854
5789
8847854
5789
8847854
5789
8847854
5789
8847854
5789
8847854
5789
8847854
5789
8847854
5789
8847854
5789
8847854
5789
8847854
5789
8847854
5789
8847854
5789
8847854
5789
8847854
5789
8847854
5789
8847854
5789
8847854
5789
8847854
5789
8847854
5789
8847854
5789
8847854
5789
8847854
5789
8847854
5789
8847854
5789
8847854
5789
8847854
5789
8847854
5789
8847854
5789
8847854
5789
8847854
5789
8847854
5789
8847854
5789
8847854
5789
8847854

